13
0   3   7   32      423 1   21  21  43  43  21  32  21
1   0   213 2132    4   321 21  21  43  54  21  45  65
2   123 0   123     133 321 43  12  21  34  45  10  145
123 123 31  0       11  43  32  21  42  43  412 654 361
321 4   3   12      0   43  32  21  53  53  15  31  54
2   3   7   32      41  0   2   21  12  45  12  45  23
1   3   213 2132    14  43  0   45  98  65  45  65  12 
2   123 4   123     13  43  1   0   45  78  21  45  68 
123 123 31  5       121 41  12  1   0   48  54  21  48 
321 4   3   12      32  6   3   2   21  0   87  695 78
123 123 31  5       121 41  12  1   1   48  0   45  68
123 123 31  5       121 41  12  1   2   48  142 0   56
123 123 31  5       121 41  12  1   4   48  45  78  0